XGBoost:
20 estimators
0.55 0.54 0.54 0.53 0.53 0.54 0.56 0.51 0.50 0.51 
Average: 0.53

40 estimators
0.52 0.54 0.52 0.53 0.50 0.51 0.53 0.50 0.50 0.51 
Average: 0.52

60 estimators
0.52 0.53 0.52 0.52 0.50 0.51 0.51 0.50 0.50 0.51 
Average: 0.51

80 estimators
0.52 0.53 0.52 0.52 0.50 0.51 0.51 0.50 0.50 0.51 
Average: 0.51

100 estimators
0.52 0.53 0.52 0.52 0.50 0.51 0.51 0.50 0.50 0.50 
Average: 0.51

Random Forest:
20 estimators
0.39 0.39 0.41 0.39 0.38 0.40 0.40 0.40 0.39 0.38 
Average: 0.39

40 estimators
0.39 0.38 0.39 0.38 0.38 0.38 0.38 0.38 0.38 0.38 
Average: 0.38

60 estimators
0.39 0.38 0.39 0.38 0.39 0.38 0.38 0.38 0.38 0.37 
Average: 0.38

80 estimators
0.39 0.38 0.39 0.38 0.37 0.38 0.39 0.37 0.37 0.36 
Average: 0.38

100 estimators
0.38 0.37 0.38 0.38 0.38 0.38 0.38 0.38 0.38 0.37 
Average: 0.38

Ada Boost:
20 estimators
0.69 0.68 0.64 0.69 0.68 0.69 0.69 0.68 0.67 0.66 
Average: 0.68

40 estimators
0.62 0.63 0.62 0.61 0.60 0.62 0.61 0.60 0.61 0.62 
Average: 0.62

60 estimators
0.62 0.62 0.62 0.61 0.60 0.62 0.61 0.60 0.59 0.60 
Average: 0.61

80 estimators
0.62 0.62 0.62 0.62 0.60 0.62 0.61 0.60 0.59 0.60 
Average: 0.61

100 estimators
0.55 0.62 0.62 0.62 0.61 0.63 0.61 0.61 0.60 0.61 
Average: 0.61

Gradient Boosting:
20 estimators
0.51 0.54 0.53 0.52 0.50 0.52 0.53 0.49 0.50 0.50 
Average: 0.51

40 estimators
0.51 0.52 0.52 0.51 0.49 0.50 0.51 0.50 0.49 0.50 
Average: 0.50

60 estimators
0.49 0.51 0.48 0.50 0.46 0.50 0.50 0.49 0.48 0.50 
Average: 0.49

80 estimators
0.48 0.48 0.48 0.47 0.45 0.46 0.47 0.47 0.46 0.46 
Average: 0.47

100 estimators
0.48 0.48 0.47 0.46 0.46 0.46 0.48 0.47 0.46 0.46 
Average: 0.47

