XGBoost:
20 estimators
0.52 0.52 0.54 0.53 0.52 0.51 0.52 0.52 0.56 0.50 
Average: 0.52

40 estimators
0.52 0.52 0.50 0.53 0.51 0.51 0.50 0.52 0.51 0.50 
Average: 0.51

60 estimators
0.50 0.50 0.50 0.52 0.51 0.49 0.50 0.52 0.51 0.50 
Average: 0.51

80 estimators
0.50 0.50 0.50 0.53 0.50 0.49 0.49 0.52 0.51 0.50 
Average: 0.50

100 estimators
0.50 0.50 0.50 0.53 0.50 0.49 0.49 0.52 0.51 0.50 
Average: 0.50

Random Forest:
20 estimators
0.39 0.39 0.40 0.40 0.38 0.40 0.39 0.40 0.39 0.39 
Average: 0.39

40 estimators
0.38 0.38 0.38 0.39 0.39 0.39 0.38 0.39 0.39 0.38 
Average: 0.38

60 estimators
0.38 0.38 0.38 0.39 0.39 0.39 0.38 0.39 0.39 0.38 
Average: 0.39

80 estimators
0.39 0.38 0.39 0.39 0.39 0.39 0.38 0.40 0.38 0.37 
Average: 0.39

100 estimators
0.38 0.38 0.38 0.38 0.39 0.38 0.38 0.39 0.39 0.38 
Average: 0.38

Ada Boost:
20 estimators
0.70 0.68 0.69 0.70 0.69 0.70 0.68 0.69 0.68 0.68 
Average: 0.69

40 estimators
0.65 0.63 0.62 0.65 0.61 0.64 0.62 0.64 0.61 0.63 
Average: 0.63

60 estimators
0.54 0.61 0.62 0.63 0.61 0.61 0.60 0.62 0.61 0.60 
Average: 0.60

80 estimators
0.54 0.55 0.62 0.55 0.53 0.54 0.60 0.62 0.54 0.54 
Average: 0.56

100 estimators
0.55 0.55 0.55 0.56 0.53 0.54 0.60 0.54 0.54 0.54 
Average: 0.55

Gradient Boosting:
20 estimators
0.51 0.51 0.53 0.53 0.50 0.50 0.51 0.51 0.56 0.49 
Average: 0.52

40 estimators
0.49 0.50 0.50 0.51 0.50 0.49 0.49 0.50 0.51 0.48 
Average: 0.50

60 estimators
0.48 0.50 0.48 0.50 0.47 0.48 0.49 0.48 0.49 0.48 
Average: 0.48

80 estimators
0.48 0.48 0.47 0.47 0.45 0.47 0.46 0.47 0.46 0.47 
Average: 0.47

100 estimators
0.47 0.47 0.46 0.47 0.45 0.46 0.46 0.46 0.46 0.45 
Average: 0.46

