XGBoost:
{} estimators
0.62 0.58 0.61 0.59 0.60 0.63 0.62 0.59 0.63 0.59 
Average: 0.61

{} estimators
0.62 0.57 0.61 0.57 0.60 0.61 0.60 0.59 0.63 0.58 
Average: 0.60

{} estimators
0.61 0.57 0.60 0.56 0.60 0.60 0.58 0.59 0.63 0.56 
Average: 0.59

{} estimators
0.60 0.57 0.60 0.56 0.59 0.60 0.58 0.58 0.60 0.56 
Average: 0.58

{} estimators
0.60 0.57 0.60 0.56 0.58 0.60 0.57 0.58 0.59 0.56 
Average: 0.58

Random Forest:
20 estimators
0.43 0.44 0.42 0.42 0.44 0.43 0.43 0.43 0.46 0.42 
Average: 0.43

40 estimators
0.45 0.43 0.42 0.43 0.44 0.41 0.45 0.44 0.44 0.43 
Average: 0.43

60 estimators
0.44 0.43 0.44 0.40 0.44 0.42 0.44 0.44 0.44 0.41 
Average: 0.43

80 estimators
0.44 0.42 0.44 0.42 0.45 0.43 0.44 0.44 0.43 0.42 
Average: 0.43

100 estimators
0.44 0.42 0.44 0.42 0.45 0.42 0.44 0.44 0.44 0.42 
Average: 0.43

Ada Boost:
20 estimators
0.81 0.82 0.80 0.80 0.83 0.78 0.83 0.78 0.81 0.72 
Average: 0.80

40 estimators
0.81 0.82 0.80 0.80 0.76 0.78 0.83 0.78 0.81 0.72 
Average: 0.79

60 estimators
0.81 0.75 0.79 0.75 0.76 0.78 0.83 0.77 0.81 0.72 
Average: 0.78

80 estimators
0.78 0.75 0.79 0.75 0.76 0.78 0.83 0.77 0.81 0.72 
Average: 0.77

100 estimators
0.78 0.75 0.79 0.74 0.76 0.78 0.83 0.77 0.81 0.72 
Average: 0.77

Gradient Boosting:
20 estimators
0.62 0.57 0.59 0.57 0.58 0.62 0.62 0.59 0.60 0.59 
Average: 0.60

40 estimators
0.61 0.56 0.59 0.56 0.58 0.61 0.60 0.59 0.60 0.59 
Average: 0.59

60 estimators
0.60 0.55 0.59 0.56 0.58 0.60 0.59 0.59 0.60 0.56 
Average: 0.58

80 estimators
0.59 0.55 0.59 0.56 0.57 0.60 0.57 0.57 0.59 0.56 
Average: 0.58

100 estimators
0.59 0.55 0.58 0.56 0.57 0.58 0.56 0.57 0.57 0.55 
Average: 0.57

