XGBoost:
{} estimators
0.59 0.56 0.59 0.56 0.58 0.57 0.56 0.57 0.57 0.55 
Average: 0.57

{} estimators
0.57 0.54 0.56 0.54 0.57 0.55 0.55 0.55 0.57 0.55 
Average: 0.55

{} estimators
0.57 0.54 0.55 0.53 0.57 0.55 0.54 0.55 0.56 0.54 
Average: 0.55

{} estimators
0.57 0.54 0.55 0.53 0.56 0.55 0.54 0.54 0.56 0.53 
Average: 0.55

{} estimators
0.57 0.54 0.55 0.53 0.56 0.54 0.53 0.54 0.55 0.53 
Average: 0.54

Random Forest:
20 estimators
0.43 0.42 0.44 0.41 0.44 0.41 0.45 0.44 0.42 0.42 
Average: 0.43

40 estimators
0.43 0.42 0.45 0.42 0.46 0.43 0.44 0.46 0.45 0.42 
Average: 0.44

60 estimators
0.44 0.42 0.44 0.41 0.45 0.42 0.44 0.45 0.43 0.41 
Average: 0.43

80 estimators
0.43 0.42 0.43 0.42 0.45 0.43 0.44 0.43 0.42 0.43 
Average: 0.43

100 estimators
0.44 0.42 0.44 0.41 0.45 0.43 0.45 0.45 0.44 0.42 
Average: 0.43

Ada Boost:
20 estimators
0.75 0.75 0.79 0.74 0.76 0.75 0.77 0.74 0.76 0.72 
Average: 0.75

40 estimators
0.74 0.72 0.75 0.72 0.74 0.73 0.75 0.72 0.73 0.69 
Average: 0.73

60 estimators
0.73 0.69 0.75 0.71 0.73 0.73 0.73 0.71 0.72 0.69 
Average: 0.72

80 estimators
0.73 0.69 0.75 0.71 0.73 0.73 0.69 0.71 0.72 0.69 
Average: 0.72

100 estimators
0.73 0.59 0.75 0.54 0.73 0.73 0.59 0.71 0.59 0.66 
Average: 0.66

Gradient Boosting:
20 estimators
0.58 0.54 0.56 0.54 0.57 0.56 0.55 0.56 0.56 0.54 
Average: 0.56

40 estimators
0.57 0.52 0.54 0.52 0.56 0.54 0.54 0.53 0.54 0.52 
Average: 0.54

60 estimators
0.55 0.49 0.53 0.50 0.54 0.52 0.51 0.51 0.52 0.50 
Average: 0.52

80 estimators
0.53 0.50 0.51 0.50 0.53 0.50 0.49 0.51 0.52 0.49 
Average: 0.51

100 estimators
0.52 0.48 0.50 0.49 0.51 0.49 0.49 0.49 0.50 0.48 
Average: 0.50

